  map_00_lat : 37.448002351837694, 본관 분수대 시작좌표
  map_00_lon : 126.6533954619325,
  map_00_alt : 20.0,
